1391320003.21
1391320003.37
1391320003.46
1391320003.54
1391320003.65
1391320003.76
1391320003.78
1391320003.86
1391320003.96
1391320004.04
1391320004.12
1391320004.23
1391320004.33
1391320004.42
1391320004.51
1391320004.61
1391320004.73
1391320004.83
1391320004.93
1391320005.03
1391320005.05
1391320005.14
1391320005.22
1391320005.31
1391320005.39
1391320005.47
1391320005.56
1391320005.64
1391320005.72
1391320005.81
1391320005.89
1391320005.97
1391320006.06
1391320006.07
1391320006.17
1391320006.24
1391320006.33
1391320006.41
1391320006.5
1391320006.58
1391320006.67
1391320006.76
1391320006.84
1391320006.92
1391320007.01
1391320007.09
1391320007.18
1391320007.26
1391320007.34
1391320007.43
1391320007.51
1391320007.53
1391320007.62
1391320007.69
1391320007.77
1391320007.86
1391320007.94
1391320008.02
1391320008.11
1391320008.19
1391320008.27
1391320008.36
1391320008.44
1391320008.52
1391320008.6
1391320008.69
1391320008.77
1391320008.86
1391320008.95
1391320009.03
1391320009.05
1391320009.14
1391320009.21
1391320009.31
1391320009.39
1391320009.47
1391320009.56
1391320009.64
1391320009.73
1391320009.8
1391320009.89
1391320009.97
1391320010.05
1391320010.14
1391320010.23
1391320010.31
1391320010.39
1391320010.47
1391320010.56
1391320010.64
1391320010.65
1391320010.73
1391320010.86
1391320010.93
1391320011.0
1391320011.09
1391320011.17
1391320011.26
1391320011.34
1391320011.42
1391320011.5
1391320011.59
1391320011.67
1391320011.76
1391320011.85
1391320011.97
1391320012.05
1391320012.14
1391320012.23
1391320012.31
1391320012.39
1391320012.41
1391320012.51
1391320012.58
1391320012.67
1391320012.75
1391320012.84
1391320012.93
1391320013.0
1391320013.09
1391320013.17
1391320013.26
1391320013.34
1391320013.43
1391320013.51
1391320013.59
1391320013.68
1391320013.75
1391320013.84
1391320013.92
1391320014.01
1391320014.02
1391320014.13
1391320014.21
1391320014.29
1391320014.38
1391320014.46
1391320014.54
1391320014.62
1391320014.7
1391320014.78
1391320014.87
1391320014.95
1391320015.04
1391320015.12
1391320015.2
1391320015.28
1391320015.37
1391320015.38
1391320015.47
1391320015.55
1391320015.66
1391320015.73
