1391562103.47
1391562103.53
1391562103.6
1391562103.66
1391562103.73
1391562103.79
1391562103.86
1391562103.93
1391562103.99
1391562104.07
1391562104.13
1391562104.2
1391562104.25
1391562104.32
1391562104.39
1391562104.46
1391562104.52
1391562104.59
1391562104.69
1391562104.76
1391562104.89
1391562104.89
1391562105.0
1391562105.02
1391562105.08
1391562105.22
1391562105.23
1391562105.29
1391562105.35
1391562105.41
1391562105.48
1391562105.55
1391562105.61
1391562105.68
1391562105.74
1391562105.81
1391562105.87
1391562105.93
1391562106.0
1391562106.07
1391562106.14
1391562106.21
1391562106.27
1391562106.33
1391562106.4
1391562106.47
1391562106.52
1391562106.59
1391562106.67
1391562106.73
1391562106.77
1391562106.83
1391562106.86
1391562106.93
1391562106.96
1391562107.02
1391562107.07
1391562107.13
1391562107.15
1391562107.22
1391562107.29
1391562107.32
1391562107.39
1391562107.42
1391562107.5
1391562107.52
1391562107.58
1391562107.62
1391562107.69
1391562107.71
1391562107.79
1391562107.82
1391562107.89
1391562107.92
1391562107.98
1391562108.02
1391562108.08
1391562108.11
1391562108.18
1391562108.21
1391562108.27
1391562108.31
1391562108.37
1391562108.45
1391562108.48
1391562108.55
1391562108.6
1391562108.67
1391562108.7
1391562108.77
1391562108.84
1391562108.91
1391562108.93
1391562109.0
1391562109.07
1391562109.14
1391562109.2
1391562109.23
1391562109.3
1391562109.37
1391562109.43
1391562109.47
1391562109.54
1391562109.59
1391562109.66
1391562109.73
1391562109.76
1391562109.83
1391562109.89
1391562109.96
1391562109.99
1391562110.06
1391562110.12
1391562110.19
1391562110.23
1391562110.28
1391562110.35
1391562110.42
1391562110.49
1391562110.52
1391562110.59
1391562110.65
1391562110.72
1391562110.75
1391562110.81
1391562110.88
1391562110.95
1391562111.02
1391562111.04
1391562111.11
1391562111.18
1391562111.25
1391562111.28
1391562111.34
1391562111.41
1391562111.48
1391562111.51
1391562111.58
1391562111.64
1391562111.71
1391562111.78
1391562111.8
1391562111.87
1391562111.94
1391562112.01
1391562112.03
1391562112.1
1391562112.17
1391562112.23
1391562112.3
1391562112.34
1391562112.41
1391562112.46
1391562112.53
1391562112.57
1391562112.63
1391562112.71
1391562112.76
1391562112.8
1391562112.87
1391562112.94
1391562112.99
1391562113.06
1391562113.1
1391562113.17
1391562113.22
1391562113.29
1391562113.33
1391562113.39
1391562113.46
1391562113.53
1391562113.59
1391562113.62
1391562113.69
1391562113.76
1391562113.82
1391562113.85
1391562113.93
1391562113.99
1391562114.05
1391562114.11
1391562114.15
1391562114.22
1391562114.29
1391562114.35
1391562114.38
1391562114.45
1391562114.52
1391562114.58
1391562114.62
1391562114.68
1391562114.74
1391562114.81
1391562114.88
1391562114.91
1391562114.97
1391562115.04
1391562115.11
1391562115.15
1391562115.21
1391562115.28
1391562115.33
1391562115.4
1391562115.44
1391562115.51
1391562115.57
1391562115.64
1391562115.67
1391562115.74
1391562115.8
1391562115.87
1391562115.93
1391562115.97
1391562116.03
1391562116.1
1391562116.16
1391562116.23
1391562116.3
1391562116.33
1391562116.39
1391562116.46
1391562116.53
1391562116.6
1391562116.62
1391562116.69
1391562116.77
1391562116.82
1391562116.89
1391562116.96
1391562116.99
1391562117.07
1391562117.12
1391562117.19
1391562117.26
1391562117.32
1391562117.35
1391562117.42
1391562117.48
1391562117.57
1391562117.62
1391562117.65
1391562117.72
1391562117.78
1391562117.85
1391562117.91
1391562117.98
1391562118.02
1391562118.08
1391562118.14
1391562118.21
1391562118.28
1391562118.34
1391562118.38
1391562118.44
1391562118.51
1391562118.57
1391562118.64
1391562118.68
1391562118.74
1391562118.8
1391562118.87
1391562118.93
1391562119.0
1391562119.04
1391562119.1
1391562119.17
1391562119.24
1391562119.29
1391562119.36
1391562119.4
1391562119.47
1391562119.53
1391562119.59
1391562119.66
1391562119.69
1391562119.77
1391562119.82
1391562119.89
1391562119.96
1391562120.03
1391562120.07
1391562120.12
1391562120.23
1391562120.26
1391562120.32
1391562120.39
1391562120.42
1391562120.49
1391562120.57
1391562120.62
1391562120.68
1391562120.72
1391562120.78
1391562120.85
1391562120.91
1391562120.99
1391562121.07
1391562121.08
1391562121.15
1391562121.21
1391562121.29
1391562121.35
1391562121.41
1391562121.45
1391562121.51
1391562121.57
1391562121.64
1391562121.71
1391562121.74
1391562121.81
1391562121.88
1391562121.94
1391562122.0
1391562122.07
1391562122.1
1391562122.17
1391562122.24
1391562122.3
1391562122.38
1391562122.43
1391562122.47
1391562122.53
1391562122.6
1391562122.66
1391562122.73
1391562122.77
1391562122.83
1391562122.9
1391562122.96
1391562123.03
1391562123.09
1391562123.13
1391562123.19
1391562123.26
1391562123.33
1391562123.39
1391562123.42
1391562123.48
1391562123.56
1391562123.62
1391562123.65
1391562123.72
1391562123.78
1391562123.84
1391562123.88
1391562123.95
1391562124.02
1391562124.09
1391562124.15
1391562124.18
1391562124.24
1391562124.32
1391562124.38
1391562124.41
1391562124.48
1391562124.55
1391562124.61
1391562124.68
1391562124.71
1391562124.77
1391562124.84
1391562124.9
1391562124.94
1391562125.0
1391562125.07
1391562125.14
1391562125.16
1391562125.23
1391562125.31
1391562125.37
1391562125.43
1391562125.47
1391562125.54
1391562125.6
1391562125.67
1391562125.7
1391562125.77
1391562125.83
1391562125.9
1391562125.96
1391562126.0
1391562126.07
1391562126.13
1391562126.2
1391562126.23
1391562126.29
1391562126.37
1391562126.42
1391562126.52
1391562126.52
1391562126.59
1391562126.66
1391562126.73
1391562126.75
1391562126.83
1391562126.89
1391562126.96
1391562126.98
1391562127.05
1391562127.12
1391562127.18
1391562127.26
1391562127.28
1391562127.35
1391562127.43
1391562127.48
1391562127.51
1391562127.57
1391562127.64
1391562127.71
1391562127.77
1391562127.81
1391562127.88
1391562127.95
1391562128.01
1391562128.04
1391562128.11
1391562128.18
1391562128.24
1391562128.27
1391562128.34
1391562128.4
1391562128.47
1391562128.53
1391562128.57
1391562128.64
1391562128.71
1391562128.77
1391562128.8
1391562128.87
1391562128.93
1391562128.99
1391562129.07
1391562129.09
1391562129.16
1391562129.23
1391562129.3
1391562129.32
1391562129.4
1391562129.46
1391562129.53
1391562129.56
1391562129.63
1391562129.69
1391562129.76
1391562129.83
1391562129.85
1391562129.92
1391562129.99
1391562130.06
1391562130.08
1391562130.15
1391562130.22
1391562130.29
1391562130.35
1391562130.39
1391562130.45
1391562130.52
1391562130.58
1391562130.65
1391562130.71
1391562130.75
1391562130.81
1391562130.88
1391562130.94
1391562131.01
1391562131.07
1391562131.1
1391562131.18
1391562131.24
1391562131.31
1391562131.38
1391562131.4
1391562131.48
1391562131.54
1391562131.61
1391562131.67
1391562131.73
1391562131.89
1391562131.9
1391562131.91
1391562131.99
1391562132.03
1391562132.07
1391562132.14
1391562132.2
1391562132.27
1391562132.33
1391562132.4
1391562132.43
1391562132.5
1391562132.57
1391562132.63
1391562132.7
1391562132.76
1391562132.79
1391562132.86
1391562132.93
1391562132.98
1391562133.06
1391562133.09
1391562133.16
1391562133.21
1391562133.29
1391562133.35
1391562133.42
1391562133.44
1391562133.52
1391562133.58
1391562133.65
1391562133.71
1391562133.78
1391562133.81
1391562133.88
1391562133.94
1391562134.01
1391562134.08
1391562134.11
1391562134.18
1391562134.24
1391562134.31
1391562134.37
1391562134.44
1391562134.48
1391562134.54
1391562134.6
1391562134.67
1391562134.74
1391562134.81
1391562134.83
1391562134.91
1391562134.97
1391562135.03
1391562135.1
1391562135.14
1391562135.19
1391562135.27
1391562135.33
1391562135.4
1391562135.46
1391562135.5
1391562135.56
1391562135.63
1391562135.69
1391562135.76
1391562135.83
1391562135.85
1391562135.92
1391562135.99
1391562136.06
1391562136.12
1391562136.19
1391562136.21
1391562136.29
1391562136.35
1391562136.42
1391562136.49
1391562136.51
1391562136.58
1391562136.65
1391562136.72
1391562136.79
1391562136.85
1391562136.88
1391562136.95
1391562137.02
1391562137.08
1391562137.15
1391562137.21
1391562137.24
1391562137.31
1391562137.39
1391562137.44
1391562137.51
1391562137.55
1391562137.61
1391562137.68
1391562137.74
1391562137.81
1391562137.87
1391562137.91
1391562137.97
1391562138.04
1391562138.1
1391562138.17
1391562138.24
1391562138.26
1391562138.34
1391562138.4
1391562138.47
1391562138.53
1391562138.83
1391562138.9
1391562138.9
1391562138.93
1391562139.0
1391562139.06
1391562139.09
1391562139.16
1391562139.24
1391562139.3
1391562139.37
1391562139.4
1391562139.46
1391562139.52
1391562139.6
1391562139.62
1391562139.69
1391562139.76
1391562139.81
1391562139.85
1391562139.92
1391562139.98
1391562140.05
1391562140.11
1391562140.15
1391562140.22
1391562140.28
1391562140.34
1391562140.38
1391562140.44
1391562140.51
1391562140.58
1391562140.64
1391562140.68
1391562140.74
1391562140.81
1391562140.88
1391562140.91
1391562140.98
1391562141.04
1391562141.11
1391562141.13
1391562141.21
1391562141.27
1391562141.34
1391562141.4
1391562141.43
1391562141.5
1391562141.57
1391562141.64
1391562141.67
1391562141.73
1391562141.8
1391562141.86
1391562141.93
1391562141.96
1391562142.03
1391562142.11
1391562142.17
1391562142.19
1391562142.28
1391562142.33
1391562142.4
1391562142.42
1391562142.49
1391562142.57
1391562142.63
1391562142.69
1391562142.72
1391562142.79
1391562142.86
1391562142.92
1391562142.95
1391562143.03
1391562143.08
1391562143.15
1391562143.21
1391562143.25
1391562143.32
1391562143.38
1391562143.44
1391562143.48
1391562143.56
1391562143.61
1391562143.68
1391562143.74
1391562143.78
1391562143.84
1391562143.9
1391562143.97
1391562144.01
1391562144.08
1391562144.14
1391562144.2
1391562144.24
1391562144.3
1391562144.37
1391562144.43
1391562144.5
1391562144.54
1391562144.59
1391562144.66
1391562144.73
1391562144.76
1391562144.83
1391562144.9
1391562144.97
1391562145.04
1391562145.12
1391562145.14
1391562145.2
1391562145.26
1391562145.3
1391562145.36
1391562145.42
1391562145.49
1391562145.52
1391562145.59
1391562145.65
1391562145.72
1391562145.79
1391562145.82
1391562145.88
1391562145.95
1391562146.02
1391562146.06
1391562146.12
1391562146.18
1391562146.25
1391562146.32
1391562146.35
1391562146.42
1391562146.48
1391562146.56
1391562146.58
1391562146.65
1391562146.71
1391562146.78
1391562146.81
1391562146.88
1391562146.95
1391562147.01
1391562147.07
1391562147.11
1391562147.17
1391562147.24
1391562147.31
1391562147.34
1391562147.41
1391562147.47
1391562147.54
1391562147.6
1391562147.64
1391562147.71
1391562147.76
1391562147.83
1391562147.87
1391562147.93
1391562147.99
1391562148.07
1391562148.1
1391562148.16
1391562148.23
1391562148.29
1391562148.36
1391562148.4
1391562148.48
1391562148.53
1391562148.59
1391562148.62
1391562148.7
1391562148.76
1391562148.83
1391562148.9
1391562148.92
1391562148.99
1391562149.07
1391562149.14
1391562149.16
1391562149.23
1391562149.28
1391562149.36
1391562149.43
1391562149.45
1391562149.53
1391562149.59
1391562149.65
1391562149.74
1391562149.77
1391562149.78
1391562149.84
1391562149.88
1391562149.95
1391562149.98
1391562150.04
1391562150.09
1391562150.15
1391562150.22
1391562150.27
1391562150.35
1391562150.38
1391562150.45
1391562150.51
1391562150.57
1391562150.64
1391562150.71
1391562150.75
1391562150.81
1391562150.88
1391562150.93
1391562151.01
1391562151.07
1391562151.1
1391562151.18
1391562151.23
1391562151.3
1391562151.37
1391562151.4
1391562151.47
1391562151.53
1391562151.6
1391562151.66
1391562151.73
1391562151.76
1391562151.83
1391562151.9
1391562151.96
1391562152.03
1391562152.11
1391562152.13
1391562152.21
1391562152.26
1391562152.32
1391562152.39
1391562152.43
1391562152.48
1391562152.56
1391562152.62
1391562152.68
1391562152.75
1391562152.79
1391562152.85
1391562152.92
1391562152.98
1391562153.06
1391562153.12
1391562153.14
1391562153.21
1391562153.28
1391562153.34
1391562153.41
1391562153.44
1391562153.51
1391562153.58
1391562153.64
1391562153.71
1391562153.77
1391562153.81
1391562153.9
1391562153.97
1391562154.04
1391562154.1
1391562154.17
1391562154.24
1391562154.31
1391562154.37
1391562154.47
1391562154.53
1391562154.62
1391562154.73
1391562154.74
1391562154.83
1391562154.86
1391562154.93
1391562155.04
1391562155.1
1391562155.16
1391562155.3
1391562155.31
1391562155.36
1391562155.42
1391562155.49
1391562155.58
1391562155.65
1391562155.71
1391562155.78
1391562155.92
1391562155.94
1391562156.0
1391562156.05
1391562156.14
1391562156.21
1391562156.27
1391562156.34
1391562156.4
1391562156.47
